# Copyright (c) 2025, Lawrence Livermore National Security, LLC
#
# LLNL-CODE-853603
#
# SPDX-License-Identifier: (BSD-3-Clause)
#------------------------------------------------------------------------------
# Analytic_Deflection_of_Asteroids_by_NEDs project
#------------------------------------------------------------------------------

import numpy as np

# Release 1 fits

# 1 keV black body fits to original formula
A_1keV = np.array([10.7089,   1.11471, 0.127528])
B_1keV = np.array([-0.808491, 3.06632, 0.159871])

# 2 keV black body fits to original formula
A_2keV = np.array([11.2799 , 0.791745, 0.0688574])
B_2keV = np.array([-1.09399, 2.97197 , 0.130942 ])

AB1 = np.array([A_1keV,B_1keV])
AB2 = np.array([A_2keV,B_2keV])

# 1 keV black body fits to modified formula
A_mod_1keV = np.array([11.1338  , 0.996104,  0.056303])
B_mod_1keV = np.array([-0.805492, 2.20468 , -0.356001])

# 2 keV black body fits to modified formula
A_mod_2keV = np.array([11.7366 , 0.79254,  0.0135686])
B_mod_2keV = np.array([-1.15929, 1.884  , -0.768708 ])

AB_mod_1 = np.array([A_mod_1keV,B_mod_1keV])
AB_mod_2 = np.array([A_mod_2keV,B_mod_2keV])

# 1 keV black body fits to impulse formula
A_imp_1keV = np.array([11.6852  , 0.929061,  0.0381572])
B_imp_1keV = np.array([-0.822539, 2.00948 , -0.28174  ])

# 2 keV black body fits to impulse formula
A_imp_2keV = np.array([12.2464 , 0.694854,  0.00549028])
B_imp_2keV = np.array([-1.20587, 1.76872 , -0.409627  ])

AB_imp_1 = np.array([A_imp_1keV,B_imp_1keV])
AB_imp_2 = np.array([A_imp_2keV,B_imp_2keV])

# Release 2 fits, including porosity

# Fit to the average of the 1 & 2 keV calculations for the original fornulae
# for SiO2
A_Si_1_2keV = np.array((  1.03360692e+01,  2.62139617e-01, -4.39553893e-02,  9.18547276e-03, -4.87711514e-04,  1.73864739e-05 ))
B_Si_1_2keV = np.array(( -2.32141038e+00,  1.85812585e+00, -1.94907443e-01,  1.05096880e-02, -6.33654775e-03, -9.01219738e-04 ))
AB_Si_1_2keV = np.array((A_Si_1_2keV, B_Si_1_2keV))
AB_Si_1_2keV_covariance = \
np.array([[ 7.29903844e-03,  5.58301042e-03,  4.71287241e-04, -1.33344848e-04, -1.03266235e-04, -8.80341202e-06,
            1.11174223e-02,  6.91484628e-04, -4.86917110e-03, -2.08562144e-04, -2.02529610e-05,  8.84896479e-05],
          [ 5.58301042e-03,  5.35088528e-03,  4.69125772e-04, -1.03220431e-04, -1.00800517e-04, -8.94422794e-06,
            8.82608783e-03,  2.40634687e-03, -4.78136921e-03, -1.67584873e-04, -5.29123567e-05,  8.82824125e-05],
          [ 4.71287241e-04,  4.69125772e-04,  6.93553139e-05, -8.78766144e-06, -8.92597432e-06, -1.32652159e-06,
            1.21929195e-03,  1.23938275e-03,  8.26446607e-05, -2.32406340e-05, -2.41815982e-05, -1.68678135e-06],
          [-1.33344848e-04, -1.03220431e-04, -8.78766144e-06,  3.22514157e-06,  2.52747972e-06,  2.21088298e-07,
           -2.08080244e-04, -1.95399241e-05,  8.86397350e-05,  5.24676454e-06,  8.03679569e-07, -2.05156301e-06],
          [-1.03266235e-04, -1.00800517e-04, -8.92597432e-06,  2.52747972e-06,  2.50985888e-06,  2.28881421e-07,
           -1.67269470e-04, -5.21943001e-05,  8.85861667e-05,  4.26158571e-06,  1.60055019e-06, -2.08148144e-06],
          [-8.80341202e-06, -8.94422794e-06, -1.32652159e-06,  2.21088298e-07,  2.28881421e-07,  3.39434152e-08,
           -2.32595003e-05, -2.41614944e-05, -1.64513733e-06,  5.95631446e-07,  6.26679777e-07,  4.23055135e-08],
          [ 1.11174223e-02,  8.82608783e-03,  1.21929195e-03, -2.08080244e-04, -1.67269470e-04, -2.32595003e-05,
            3.06286780e-02,  2.54352962e-02,  2.13485249e-03, -5.85782186e-04, -4.95495597e-04, -4.34992294e-05],
          [ 6.91484628e-04,  2.40634687e-03,  1.23938275e-03, -1.95399241e-05, -5.21943001e-05, -2.41614944e-05,
            2.54352962e-02,  4.96296851e-02,  1.80276103e-02, -4.93818450e-04, -9.49761403e-04, -3.38031785e-04],
          [-4.86917110e-03, -4.78136921e-03,  8.26446607e-05,  8.86397350e-05,  8.85861667e-05, -1.64513733e-06,
            2.13485249e-03,  1.80276103e-02,  1.38711812e-02, -4.24139869e-05, -3.36692142e-04, -2.59512215e-04],
          [-2.08562144e-04, -1.67584873e-04, -2.32406340e-05,  5.24676454e-06,  4.26158571e-06,  5.95631446e-07,
           -5.85782186e-04, -4.93818450e-04, -4.24139869e-05,  1.51286777e-05,  1.29390565e-05,  1.17961875e-06],
          [-2.02529610e-05, -5.29123567e-05, -2.41815982e-05,  8.03679569e-07,  1.60055019e-06,  6.26679777e-07,
           -4.95495597e-04, -9.49761403e-04, -3.36692142e-04,  1.29390565e-05,  2.39000567e-05,  8.13991895e-06],
          [ 8.84896479e-05,  8.82824125e-05, -1.68678135e-06, -2.05156301e-06, -2.08148144e-06,  4.23055135e-08,
           -4.34992294e-05, -3.38031785e-04, -2.59512215e-04,    1.17961875e-06,  8.13991895e-06,  6.17437247e-06]])

# Fit to the average of the 1 & 2 keV calculations for the modified formula
# for SiO2
A_mod_Si_1_2keV = np.array([  1.13508972e+01,  7.66089726e-01,  1.96101212e-03,  5.05016132e-03, -2.08746907e-03, -1.34609543e-04])
B_mod_Si_1_2keV = np.array([ -1.46386092e+00,  1.63545314e+00, -1.10566194e+00, -4.27662486e-04, -5.45671380e-04,  1.22617444e-03])
AB_mod_Si_1_2keV = np.array((A_mod_Si_1_2keV, B_mod_Si_1_2keV))
AB_mod_Si_1_2keV_covariance = \
np.array([[ 1.70846591e-02,  1.71414233e-02,  1.81825763e-03, -2.97130876e-04, -3.08871531e-04, -3.26159609e-05,
            3.42431921e-03, -7.15314469e-02, -6.58361055e-02, -6.53568873e-05,  1.25197035e-03,  1.20667693e-03],
          [ 1.71414233e-02,  2.27243402e-02,  2.39024325e-03, -3.07971407e-04, -4.15908135e-04, -4.35432238e-05,
           -7.94573667e-03, -9.78183226e-02, -1.00257372e-01,  1.19251241e-04,  1.73254168e-03,  1.84274440e-03],
          [ 1.81825763e-03,  2.39024325e-03,  2.58684372e-04, -3.22985511e-05, -4.33744591e-05, -4.68723698e-06,
           -4.29178056e-04, -9.38006696e-03, -1.00440327e-02,  4.73123442e-06,  1.62543915e-04,  1.82368324e-04],
          [-2.97130876e-04, -3.07971407e-04, -3.22985511e-05,  7.27716497e-06,  7.75411520e-06,  8.04830388e-07,
           -7.69047721e-05,  1.26632654e-03,  1.21505305e-03,  3.82321760e-06, -2.94523384e-05, -3.08363715e-05],
          [-3.08871531e-04, -4.15908135e-04, -4.33744591e-05,  7.75411520e-06,  1.07225716e-05,  1.10841734e-06,
            1.05041126e-04,  1.72115264e-03,  1.84505896e-03, -4.59756673e-07, -4.03722690e-05, -4.74757473e-05],
          [-3.26159609e-05, -4.35432238e-05, -4.68723698e-06,  8.04830388e-07,  1.10841734e-06,  1.18571507e-07,
            2.88223281e-06,  1.61894242e-04,  1.83118715e-04,  1.70885294e-07, -3.66215550e-06, -4.63958346e-06],
          [ 3.42431921e-03, -7.94573667e-03, -4.29178056e-04, -7.69047721e-05,  1.05041126e-04,  2.88223281e-06,
            6.39114347e-02,  1.17534778e-01,  8.89703048e-02, -1.23028985e-03, -2.16925239e-03, -1.48703717e-03],
          [-7.15314469e-02, -9.78183226e-02, -9.38006696e-03,  1.26632654e-03,  1.72115264e-03,  1.61894242e-04,
            1.17534778e-01,  5.91519532e-01,  5.09737959e-01, -2.14212270e-03, -1.07340220e-02, -9.15376553e-03],
          [-6.58361055e-02, -1.00257372e-01, -1.00440327e-02,  1.21505305e-03,  1.84505896e-03,  1.83118715e-04,
            8.89703048e-02,  5.09737959e-01,  4.99818160e-01, -1.51089596e-03, -9.25949312e-03, -9.23507648e-03],
          [-6.53568873e-05,  1.19251241e-04,  4.73123442e-06,  3.82321760e-06, -4.59756673e-07,  1.70885294e-07,
           -1.23028985e-03, -2.14212270e-03, -1.51089596e-03,  3.66926761e-05,  5.00232892e-05,  2.96184011e-05],
          [ 1.25197035e-03,  1.73254168e-03,  1.62543915e-04, -2.94523384e-05, -4.03722690e-05, -3.66215550e-06,
           -2.16925239e-03, -1.07340220e-02, -9.25949312e-03,  5.00232892e-05,  2.56259067e-04,  2.21368590e-04],
          [ 1.20667693e-03,  1.84274440e-03,  1.82368324e-04, -3.08363715e-05, -4.74757473e-05, -4.63958346e-06,
           -1.48703717e-03, -9.15376553e-03, -9.23507648e-03,  2.96184011e-05,  2.21368590e-04,  2.37330247e-04]])



# Fit to the 1 keV calculations for the original fornulae
# for SiO2
A_Si_1keV = np.array((  9.83891948e+00,  5.63622868e-01,  5.46319560e-02,  1.28935232e-02, -5.40143439e-04, -1.61118690e-04 ))
B_Si_1keV = np.array(( -2.28484926e+00,  2.60070816e+00,  1.89310249e-01,  1.93363938e-02, -4.13414015e-03, -1.13557765e-03 ))
AB_Si_1keV = np.array((A_Si_1keV, B_Si_1keV))
AB_Si_1keV_covariance = \
np.array([[ 7.30958213e-03,  6.03729650e-03,  9.72947492e-04, -1.42355482e-04, -1.17598014e-04, -1.88948213e-05,
            1.74641422e-02,  1.51674316e-02,  2.38898780e-03, -3.41696208e-04, -2.98328968e-04, -4.70562213e-05],
          [ 6.03729650e-03,  6.35620529e-03,  1.07379965e-03, -1.17850025e-04, -1.23937757e-04, -2.09442635e-05,
            1.60622306e-02,  1.87484121e-02,  3.15061920e-03, -3.13917019e-04, -3.65770920e-04, -6.15251835e-05],
          [ 9.72947492e-04,  1.07379965e-03,  1.88490131e-04, -1.89241877e-05, -2.09110348e-05, -3.66685906e-06,
            2.52333989e-03,  3.03929596e-03,  5.19331575e-04, -4.93836686e-05, -5.95831743e-05, -1.01962175e-05],
          [-1.42355482e-04, -1.17850025e-04, -1.89241877e-05,  3.75242186e-06,  3.09682441e-06,  4.97467662e-07,
           -3.43049597e-04, -3.01304455e-04, -4.76269933e-05,  8.93013845e-06,  7.83610253e-06,  1.24291735e-06],
          [-1.17598014e-04, -1.23937757e-04, -2.09110348e-05,  3.09682441e-06,  3.23653862e-06,  5.48482991e-07,
           -3.14987146e-04, -3.68615015e-04, -6.20514634e-05,  8.13109028e-06,  9.40220321e-06,  1.58657927e-06],
          [-1.88948213e-05, -2.09442635e-05, -3.66685906e-06,  4.97467662e-07,  5.48482991e-07,  9.64394608e-08,
           -4.96682323e-05, -6.02845664e-05, -1.03287488e-05,  1.28763462e-06,  1.55067764e-06,  2.66899147e-07],
          [ 1.74641422e-02,  1.60622306e-02,  2.52333989e-03, -3.43049597e-04, -3.14987146e-04, -4.96682323e-05,
            5.03671503e-02,  5.17194703e-02,  8.34542207e-03, -9.83794538e-04, -1.00607658e-03, -1.62474749e-04],
          [ 1.51674316e-02,  1.87484121e-02,  3.03929596e-03, -3.01304455e-04, -3.68615015e-04, -6.02845664e-05,
            5.17194703e-02,  7.14292538e-02,  1.21386420e-02, -1.00861052e-03, -1.37615335e-03, -2.34067005e-04],
          [ 2.38898780e-03,  3.15061920e-03,  5.19331575e-04, -4.76269933e-05, -6.20514634e-05, -1.03287488e-05,
            8.34542207e-03,  1.21386420e-02,  2.08417245e-03, -1.62889802e-04, -2.33886254e-04, -4.02172537e-05],
          [-3.41696208e-04, -3.13917019e-04, -4.93836686e-05,  8.93013845e-06,  8.13109028e-06,  1.28763462e-06,
           -9.83794538e-04, -1.00861052e-03, -1.62889802e-04,  2.50293508e-05,  2.52986062e-05,  4.08765986e-06],
          [-2.98328968e-04, -3.65770920e-04, -5.95831743e-05,  7.83610253e-06,  9.40220321e-06,  1.55067764e-06,
           -1.00607658e-03, -1.37615335e-03, -2.33886254e-04,  2.52986062e-05,  3.37801414e-05,  5.74340906e-06],
          [-4.70562213e-05, -6.15251835e-05, -1.01962175e-05,  1.24291735e-06,  1.58657927e-06,  2.66899147e-07,
           -1.62474749e-04, -2.34067005e-04, -4.02172537e-05,  4.08765986e-06,  5.74340906e-06,  9.88677008e-07]])

# Fit to the 1 keV calculations for the modified formula
# for SiO2
A_mod_Si_1keV = np.array([  1.02092034e+01,  1.79085174e-01, -9.10959184e-02,  1.72679576e-02,  5.53438760e-03,  1.10647974e-03])
B_mod_Si_1keV = np.array([ -3.85391028e+00, -3.49376964e-01, -8.03747101e-01,  4.11386802e-02,  2.48671510e-02,  4.58150238e-03])
AB_mod_Si_1keV = np.array((A_mod_Si_1keV, B_mod_Si_1keV))
AB_mod_Si_1keV_covariance = \
np.array([[ 1.31099158e-02,  1.06674436e-02,  1.33013711e-03, -2.56173157e-04, -2.08148024e-04, -2.54119634e-05,
            3.93527389e-02,  1.82471211e-02, -5.01472203e-03, -7.37458659e-04, -3.13508379e-04,  1.15643517e-04],
          [ 1.06674436e-02,  1.24831091e-02,  1.57641340e-03, -2.07559172e-04, -2.39051381e-04, -2.96106488e-05,
            2.48322635e-02,  1.18020757e-02, -1.09614032e-02, -4.74066040e-04, -2.08135806e-04,  2.21587289e-04],
          [ 1.33013711e-03,  1.57641340e-03,  2.11144064e-04, -2.52034500e-05, -2.94080210e-05, -3.89627970e-06,
            3.54999148e-03,  2.39068015e-03, -1.00719113e-03, -6.67930034e-05, -4.39840560e-05,  1.94114443e-05],
          [-2.56173157e-04, -2.07559172e-04, -2.52034500e-05,  7.04255913e-06,  5.76770365e-06,  6.72606101e-07,
           -7.33469076e-04, -3.07003545e-04,  1.18524073e-04,  1.82476340e-05,  6.08323069e-06, -4.30989073e-06],
          [-2.08148024e-04, -2.39051381e-04, -2.94080210e-05,  5.76770365e-06,  6.51988533e-06,  7.68526654e-07,
           -4.74784793e-04, -2.04713317e-04,  2.25742142e-04,  1.23015504e-05,  4.16999516e-06, -6.95912108e-06],
          [-2.54119634e-05, -2.96106488e-05, -3.89627970e-06,  6.72606101e-07,  7.68526654e-07,  9.77002221e-08,
           -6.69793790e-05, -4.35028524e-05,  2.01747630e-05,  1.67992011e-06,  9.88125460e-07, -6.01993624e-07],
          [ 3.93527389e-02,  2.48322635e-02,  3.54999148e-03, -7.33469076e-04, -4.74784793e-04, -6.69793790e-05,
            1.72171510e-01,  1.22180301e-01,  1.91095603e-02, -3.11947438e-03, -2.18755721e-03, -3.06152727e-04],
          [ 1.82471211e-02,  1.18020757e-02,  2.39068015e-03, -3.07003545e-04, -2.04713317e-04, -4.35028524e-05,
            1.22180301e-01,  1.32542773e-01,  3.66644592e-02, -2.17941131e-03, -2.47223647e-03, -7.00989191e-04],
          [-5.01472203e-03, -1.09614032e-02, -1.00719113e-03,  1.18524073e-04,  2.25742142e-04,  2.01747630e-05,
            1.91095603e-02,  3.66644592e-02,  2.92517929e-02, -3.07143416e-04, -7.01554694e-04, -5.90689378e-04],
          [-7.37458659e-04, -4.74066040e-04, -6.67930034e-05,  1.82476340e-05,  1.23015504e-05,  1.67992011e-06,
           -3.11947438e-03, -2.17941131e-03, -3.07143416e-04,  7.09294534e-05,  4.75133616e-05,  4.61312164e-06],
          [-3.13508379e-04, -2.08135806e-04, -4.39840560e-05,  6.08323069e-06,  4.16999516e-06,  9.88125460e-07,
           -2.18755721e-03, -2.47223647e-03, -7.01554694e-04,  4.75133616e-05,  5.84893980e-05,  1.76753165e-05],
          [ 1.15643517e-04,  2.21587289e-04,  1.94114443e-05, -4.30989073e-06, -6.95912108e-06, -6.01993624e-07,
           -3.06152727e-04, -7.00989191e-04, -5.90689378e-04,  4.61312164e-06,  1.76753165e-05,  1.72756153e-05]])



# Fit to the 2 keV calculations for the original fornulae
# for SiO2
A_Si_2keV = np.array((  1.08159285e+01,  3.58357269e-01, -2.09861610e-02,  5.16385437e-03, -2.90446430e-03, -3.65014735e-04 ))
B_Si_2keV = np.array(( -1.75668175e+00,  2.53110145e+00, -3.78032999e-02,  3.35843124e-04, -1.38184889e-02, -2.02203850e-03 ))
AB_Si_2keV = np.array((A_Si_2keV, B_Si_2keV))
AB_Si_2keV_covariance = \
np.array([[ 8.77854698e-03,  5.83192424e-03,  3.08533596e-04, -1.57030226e-04, -1.07365926e-04, -6.04967652e-06,
            1.27108837e-02, -1.41313873e-03, -6.19481467e-03, -2.40955359e-04,  4.38686349e-06,  1.08207613e-04],
          [ 5.83192424e-03,  5.08496120e-03,  3.48858754e-04, -1.07422043e-04, -9.74169247e-05, -7.09204314e-06,
            1.01332493e-02,  3.76086269e-03, -4.36222023e-03, -1.98197727e-04, -9.23172248e-05,  7.72730954e-05],
          [ 3.08533596e-04,  3.48858754e-04,  1.22600129e-04, -5.97822857e-06, -7.02659942e-06, -2.32358931e-06,
            1.66289221e-03,  2.86656564e-03,  1.12204097e-03, -3.20267336e-05, -5.49477599e-05, -2.05781423e-05],
          [-1.57030226e-04, -1.07422043e-04, -5.97822857e-06,  3.72406547e-06,  2.67870233e-06,  1.69409972e-07,
           -2.40244620e-04,  6.31654576e-06,  1.09286268e-04,  6.37734822e-06,  9.00675819e-07, -2.38939398e-06],
          [-1.07365926e-04, -9.74169247e-05, -7.02659942e-06,  2.67870233e-06,  2.56319622e-06,  2.04140872e-07,
           -1.97823311e-04, -9.10801527e-05,  7.81429789e-05,  5.45179926e-06,  3.23613329e-06, -1.74757869e-06],
          [-6.04967652e-06, -7.09204314e-06, -2.32358931e-06,  1.69409972e-07,  2.04140872e-07,  5.81531371e-08,
           -3.22534653e-05, -5.50255702e-05, -2.04629579e-05,  8.54081271e-07,  1.39843080e-06,  4.66501068e-07],
          [ 1.27108837e-02,  1.01332493e-02,  1.66289221e-03, -2.40244620e-04, -1.97823311e-04, -3.22534653e-05,
            3.88527050e-02,  3.85751405e-02,  7.12872654e-03, -7.61218630e-04, -7.70349866e-04, -1.37383768e-04],
          [-1.41313873e-03,  3.76086269e-03,  2.86656564e-03,  6.31654576e-06, -9.10801527e-05, -5.50255702e-05,
            3.85751405e-02,  9.01567119e-02,  3.69107769e-02, -7.64648761e-04, -1.72116061e-03, -6.75614559e-04],
          [-6.19481467e-03, -4.36222023e-03,  1.12204097e-03,  1.09286268e-04,  7.81429789e-05, -2.04629579e-05,
            7.12872654e-03,  3.69107769e-02,  2.48686342e-02, -1.33395818e-04, -6.72308580e-04, -4.51960473e-04],
          [-2.40955359e-04, -1.98197727e-04, -3.20267336e-05,  6.37734822e-06,  5.45179926e-06,  8.54081271e-07,
           -7.61218630e-04, -7.64648761e-04, -1.33395818e-04,  2.10384209e-05,  2.11409961e-05,  3.32815051e-06],
          [ 4.38686349e-06, -9.23172248e-05, -5.49477599e-05,  9.00675819e-07,  3.23613329e-06,  1.39843080e-06,
           -7.70349866e-04, -1.72116061e-03, -6.72308580e-04,  2.11409961e-05,  4.34518497e-05,  1.55422710e-05],
          [ 1.08207613e-04,  7.72730954e-05, -2.05781423e-05, -2.38939398e-06, -1.74757869e-06,  4.66501068e-07,
           -1.37383768e-04, -6.75614559e-04, -4.51960473e-04,  3.32815051e-06,  1.55422710e-05,  1.02688821e-05]])

# Fit to the 1 keV calculations for the modified formula
# for SiO2
A_mod_Si_2keV = np.array((  1.19197200e+01,  1.00226370e+00,  3.31969947e-02,  1.12993121e-03, -4.09639027e-03, -4.37568808e-04 ))
B_mod_Si_2keV = np.array(( -1.24861429e+00,  7.43327609e-01, -2.21987756e+00, -6.90911998e-03,  6.94985475e-03,  3.57385184e-03 ))
AB_mod_Si_2keV = np.array((A_mod_Si_2keV, B_mod_Si_2keV))
AB_mod_Si_2keV_covariance = \
np.array([[ 1.56346961e-02,  1.43281863e-02,  1.65615250e-03, -2.58909240e-04, -2.62967523e-04, -3.02191257e-05,
           -1.70316430e-02, -1.15083235e-01, -8.41772910e-02,  3.55785574e-04,  2.09263889e-03,  1.66019461e-03],
          [ 1.43281863e-02,  1.96624267e-02,  2.24421811e-03, -2.57012606e-04, -3.58984468e-04, -4.07314514e-05,
           -4.18239490e-02, -1.81164069e-01, -1.50537318e-01,  7.33818428e-04,  3.25994897e-03,  2.77330653e-03],
          [ 1.65615250e-03,  2.24421811e-03,  2.61957605e-04, -2.92216810e-05, -4.04958812e-05, -4.71319030e-06,
           -4.32365907e-03, -1.95578833e-02, -1.64824164e-02,  7.44482497e-05,  3.45475885e-04,  2.99401674e-04],
          [-2.58909240e-04, -2.57012606e-04, -2.92216810e-05,  6.34203201e-06,  6.74754918e-06,  7.55109952e-07,
            3.24732644e-04,  2.14097253e-03,  1.64736470e-03, -6.79634299e-06, -5.45942328e-05, -4.55594769e-05],
          [-2.62967523e-04, -3.58984468e-04, -4.04958812e-05,  6.74754918e-06,  9.64764805e-06,  1.07345152e-06,
            7.00171326e-04,  3.22626621e-03,  2.75947663e-03, -1.60452878e-05, -8.22405083e-05, -7.54398863e-05],
          [-3.02191257e-05, -4.07314514e-05, -4.71319030e-06,  7.55109952e-07,  1.07345152e-06,  1.22710584e-07,
            7.04295620e-05,  3.43395251e-04,  2.98980183e-04, -1.54206053e-06, -8.51368449e-06, -8.02376363e-06],
          [-1.70316430e-02, -4.18239490e-02, -4.32365907e-03,  3.24732644e-04,  7.00171326e-04,  7.04295620e-05,
            1.82536743e-01,  5.57322234e-01,  4.42615764e-01, -3.19857613e-03, -9.91859842e-03, -7.53150156e-03],
          [-1.15083235e-01, -1.81164069e-01, -1.95578833e-02,  2.14097253e-03,  3.22626621e-03,  3.43395251e-04,
            5.57322234e-01,  2.02906714e+00,  1.61240849e+00, -9.78314649e-03, -3.67563158e-02, -2.88637551e-02],
          [-8.41772910e-02, -1.50537318e-01, -1.64824164e-02,  1.64736470e-03,  2.75947663e-03,  2.98980183e-04,
            4.42615764e-01,  1.61240849e+00,  1.35159359e+00, -7.63897691e-03, -2.94444539e-02, -2.45857922e-02],
          [ 3.55785574e-04,  7.33818428e-04,  7.44482497e-05, -6.79634299e-06, -1.60452878e-05, -1.54206053e-06,
           -3.19857613e-03, -9.78314649e-03, -7.63897691e-03,  8.27194610e-05,  2.33152548e-04,  1.80856351e-04],
          [ 2.09263889e-03,  3.25994897e-03,  3.45475885e-04, -5.45942328e-05, -8.22405083e-05, -8.51368449e-06,
           -9.91859842e-03, -3.67563158e-02, -2.94444539e-02,  2.33152548e-04,  9.18360097e-04,  7.48019437e-04],
          [ 1.66019461e-03,  2.77330653e-03,  2.99401674e-04, -4.55594769e-05, -7.54398863e-05, -8.02376363e-06,
           -7.53150156e-03, -2.88637551e-02, -2.45857922e-02,  1.80856351e-04,  7.48019437e-04,  6.67130941e-04]])


# Fit to the average of the 1 & 2 keV calculations for the original fornulae
# for Forsterite
A_Fo_1_2keV = np.array((  1.01319501e+01,  3.88527781e-01,  2.19166476e-02,  1.08903371e-02, -1.64119638e-03, -4.40799109e-04 ))
B_Fo_1_2keV = np.array(( -2.50649821e+00,  2.66958262e+00,  2.18809128e-01,  1.62730197e-02, -9.34545564e-03, -2.25723431e-03 ))
AB_Fo_1_2keV = np.array((A_Fo_1_2keV, B_Fo_1_2keV))
AB_Fo_1_2keV_covariance = \
np.array([[ 9.11657762e-03,  7.53889353e-03,  1.15481976e-03, -1.72011088e-04, -1.43302968e-04, -2.20509386e-05,
            2.78054554e-02,  2.44986308e-02,  3.79689495e-03, -5.19905185e-04, -4.61758255e-04, -7.18100940e-05],
          [ 7.53889353e-03,  7.66056088e-03,  1.22828615e-03, -1.43753378e-04, -1.47607075e-04, -2.38858055e-05,
            2.46733430e-02,  2.72757035e-02,  4.47070151e-03, -4.64670401e-04, -5.17847005e-04, -8.52600443e-05],
          [ 1.15481976e-03,  1.22828615e-03,  2.03281638e-04, -2.20183390e-05, -2.37081623e-05, -3.94448237e-06,
            3.69927502e-03,  4.22808952e-03,  7.00796131e-04, -7.00404271e-05, -8.09786588e-05, -1.34746908e-05],
          [-1.72011088e-04, -1.43753378e-04, -2.20183390e-05,  4.17735744e-06,  3.54003584e-06,  5.50685298e-07,
           -5.25265323e-04, -4.70849925e-04, -7.33809264e-05,  1.22732073e-05,  1.11308002e-05,  1.74980075e-06],
          [-1.43302968e-04, -1.47607075e-04, -2.37081623e-05,  3.54003584e-06,  3.72238859e-06,  6.10541354e-07,
           -4.69995834e-04, -5.27527411e-04, -8.68302945e-05,  1.11297983e-05,  1.26936572e-05,  2.10990555e-06],
          [-2.20509386e-05, -2.38858055e-05, -3.94448237e-06,  5.50685298e-07,  6.10541354e-07,  1.03037115e-07,
           -7.16383004e-05, -8.37490976e-05, -1.39590058e-05,  1.71703003e-06,  2.04593901e-06,  3.45127221e-07],
          [ 2.78054554e-02,  2.46733430e-02,  3.69927502e-03, -5.25265323e-04, -4.69995834e-04, -7.16383004e-05,
            9.85078786e-02,  9.55803414e-02,  1.51130986e-02, -1.82596202e-03, -1.77695139e-03, -2.82517558e-04],
          [ 2.44986308e-02,  2.72757035e-02,  4.22808952e-03, -4.70849925e-04, -5.27527411e-04, -8.37490976e-05,
            9.55803414e-02,  1.16675357e-01,  1.93819314e-02, -1.78280433e-03, -2.17817336e-03, -3.64281322e-04],
          [ 3.79689495e-03,  4.47070151e-03,  7.00796131e-04, -7.33809264e-05, -8.68302945e-05, -1.39590058e-05,
            1.51130986e-02,  1.93819314e-02,  3.25106668e-03, -2.82564034e-04, -3.62483471e-04, -6.12405178e-05],
          [-5.19905185e-04, -4.64670401e-04, -7.00404271e-05,  1.22732073e-05,  1.11297983e-05,  1.71703003e-06,
           -1.82596202e-03, -1.78280433e-03, -2.82564034e-04,  4.12182564e-05,  4.05524530e-05,  6.47561318e-06],
          [-4.61758255e-04, -5.17847005e-04, -8.09786588e-05,  1.11308002e-05,  1.26936572e-05,  2.04593901e-06,
           -1.77695139e-03, -2.17817336e-03, -3.62483471e-04,  4.05524530e-05,  5.01822149e-05,  8.42086391e-06],
          [-7.18100940e-05, -8.52600443e-05, -1.34746908e-05,  1.74980075e-06,  2.10990555e-06,  3.45127221e-07,
           -2.82517558e-04, -3.64281322e-04, -6.12405178e-05,  6.47561318e-06,  8.42086391e-06,  1.42940443e-06]])

# Fit to the 1 keV calculations for the modified formula
# for Forsterite
A_mod_Fo_1_2keV = np.array((  1.13508972e+01,  7.66089726e-01,  1.96101212e-03,  5.05016132e-03, -2.08746907e-03, -1.34609543e-04 ))
B_mod_Fo_1_2keV = np.array(( -1.46386092e+00,  1.63545314e+00, -1.10566194e+00, -4.27662486e-04, -5.45671380e-04,  1.22617444e-03 ))
AB_mod_Fo_1_2keV = np.array((A_mod_Fo_1_2keV, B_mod_Fo_1_2keV))
AB_mod_Fo_1_2keV_covariance = \
np.array([[ 9.26348766e-03,  5.83202908e-03,  7.74119936e-04, -1.66430039e-04, -1.12792825e-04, -1.43775096e-05,
            5.28966266e-02,  3.18480567e-02,  3.08371934e-03, -8.62857843e-04, -4.76588545e-04, -5.63711124e-06],
          [ 5.83202908e-03,  6.44021753e-03,  8.77784326e-04, -1.11389527e-04, -1.19511959e-04, -1.59595293e-05,
            1.81465567e-02,  7.53951713e-03, -6.11732141e-03, -3.34307251e-04, -1.24705819e-04,  1.20271080e-04],
          [ 7.74119936e-04,  8.77784326e-04,  1.27063958e-04, -1.39878050e-05, -1.54850302e-05, -2.23593922e-06,
            2.85028696e-03,  1.83772236e-03, -5.18767123e-04, -5.07622066e-05, -3.26538610e-05,  8.83255643e-06],
          [-1.66430039e-04, -1.11389527e-04, -1.39878050e-05,  4.56245768e-06,  3.37738718e-06,  3.99830449e-07,
           -7.98328158e-04, -4.09319053e-04,  8.70540929e-06,  1.76054764e-05,  6.72483056e-06, -2.41146655e-06],
          [-1.12792825e-04, -1.19511959e-04, -1.54850302e-05,  3.37738718e-06,  3.63193788e-06,  4.44288336e-07,
           -3.43400248e-04, -1.29103524e-04,  1.28192991e-04,  9.23046798e-06,  2.59647994e-06, -4.77424189e-06],
          [-1.43775096e-05, -1.59595293e-05, -2.23593922e-06,  3.99830449e-07,  4.44288336e-07,  5.93107766e-08,
           -5.09252714e-05, -3.19469714e-05,  1.09692499e-05,  1.29871218e-06,  7.45554549e-07, -3.97201171e-07],
          [ 5.28966266e-02,  1.81465567e-02,  2.85028696e-03, -7.98328158e-04, -3.43400248e-04, -5.09252714e-05,
            4.82311915e-01,  3.79331078e-01,  1.01259746e-01, -7.31499534e-03, -5.85425686e-03, -1.37314722e-03],
          [ 3.18480567e-02,  7.53951713e-03,  1.83772236e-03, -4.09319053e-04, -1.29103524e-04, -3.19469714e-05,
            3.79331078e-01,  3.54229570e-01,  1.08278139e-01, -5.68307611e-03, -5.72471425e-03, -1.65815037e-03],
          [ 3.08371934e-03, -6.11732141e-03, -5.18767123e-04,  8.70540929e-06,  1.28192991e-04,  1.09692499e-05,
            1.01259746e-01,  1.08278139e-01,  4.57966862e-02, -1.45342428e-03, -1.76962917e-03, -7.78748129e-04],
          [-8.62857843e-04, -3.34307251e-04, -5.07622066e-05,  1.76054764e-05,  9.23046798e-06,  1.29871218e-06,
           -7.31499534e-03, -5.68307611e-03, -1.45342428e-03,  1.30095350e-04,  9.89877492e-05,  1.98362406e-05],
          [-4.76588545e-04, -1.24705819e-04, -3.26538610e-05,  6.72483056e-06,  2.59647994e-06,  7.45554549e-07,
           -5.85425686e-03, -5.72471425e-03, -1.76962917e-03,  9.89877492e-05,  1.10060767e-04,  3.33444807e-05],
          [-5.63711124e-06,  1.20271080e-04,  8.83255643e-06, -2.41146655e-06, -4.77424189e-06, -3.97201171e-07,
           -1.37314722e-03, -1.65815037e-03, -7.78748129e-04,  1.98362406e-05,  3.33444807e-05,  2.03466933e-05]])

# Fit to the 1 keV calculations for the original formula
# for Forsterite
A_Fo_1keV = np.array((  9.69646615e+00,  5.59722636e-01,  5.83159363e-02,  1.18944658e-02, -1.46167857e-04, -1.89814684e-05 ))
B_Fo_1keV = np.array(( -2.33390435e+00,  2.68388259e+00,  2.13864173e-01,  1.77937820e-02, -1.91157967e-03, -6.11551332e-04 ))
AB_Fo_1keV = np.array((A_Fo_1keV, B_Fo_1keV))
AB_Fo_1keV_covariance = \
np.array([[ 9.00455312e-03,  7.45741400e-03,  1.16827193e-03, -1.70166076e-04, -1.41887803e-04, -2.22508096e-05,
            2.43192161e-02,  2.15308088e-02,  3.35520126e-03, -4.63376105e-04, -4.15080218e-04, -6.49128832e-05],
          [ 7.45741400e-03,  7.89403376e-03,  1.29420958e-03, -1.42021342e-04, -1.51700129e-04, -2.49582733e-05,
            2.25157204e-02,  2.66474428e-02,  4.43848322e-03, -4.32127182e-04, -5.16379801e-04, -8.62278073e-05],
          [ 1.16827193e-03,  1.29420958e-03,  2.18992086e-04, -2.22526629e-05, -2.49229918e-05, -4.22533315e-06,
            3.45880335e-03,  4.22721319e-03,  7.11437814e-04, -6.66884601e-05, -8.25418303e-05, -1.39319377e-05],
          [-1.70166076e-04, -1.42021342e-04, -2.22526629e-05,  4.20666343e-06,  3.53441374e-06,  5.56201081e-07,
           -4.64321417e-04, -4.17146719e-04, -6.53016325e-05,  1.14274468e-05,  1.03727833e-05,  1.63136452e-06],
          [-1.41887803e-04, -1.51700129e-04, -2.49229918e-05,  3.53441374e-06,  3.81730456e-06,  6.31620720e-07,
           -4.33032581e-04, -5.18553701e-04, -8.66164915e-05,  1.07431317e-05,  1.29996464e-05,  2.17938505e-06],
          [-2.22508096e-05, -2.49582733e-05, -4.22533315e-06,  5.56201081e-07,  6.31620720e-07,  1.07610909e-07,
           -6.69645880e-05, -8.31230609e-05, -1.40383226e-05,  1.67347293e-06,  2.10513212e-06,  3.57160408e-07],
          [ 2.43192161e-02,  2.25157204e-02,  3.45880335e-03, -4.64321417e-04, -4.33032581e-04, -6.69645880e-05,
            7.92566232e-02,  8.23799052e-02,  1.32702165e-02, -1.51583120e-03, -1.58498649e-03, -2.55897313e-04],
          [ 2.15308088e-02,  2.66474428e-02,  4.22721319e-03, -4.17146719e-04, -5.18553701e-04, -8.31230609e-05,
            8.23799052e-02,  1.13846087e-01,  1.93471899e-02, -1.58675876e-03, -2.19745956e-03, -3.74022248e-04],
          [ 3.35520126e-03,  4.43848322e-03,  7.11437814e-04, -6.53016325e-05, -8.66164915e-05, -1.40383226e-05,
            1.32702165e-02,  1.93471899e-02,  3.31713453e-03, -2.56142429e-04, -3.73830675e-04, -6.41941467e-05],
          [-4.63376105e-04, -4.32127182e-04, -6.66884601e-05,  1.14274468e-05,  1.07431317e-05,  1.67347293e-06,
           -1.51583120e-03, -1.58675876e-03, -2.56142429e-04,  3.70385602e-05,  3.90330284e-05,  6.31831080e-06],
          [-4.15080218e-04, -5.16379801e-04, -8.25418303e-05,  1.03727833e-05,  1.29996464e-05,  2.10513212e-06,
           -1.58498649e-03, -2.19745956e-03, -3.73830675e-04,  3.90330284e-05,  5.43791771e-05,  9.26849816e-06],
          [-6.49128832e-05, -8.62278073e-05, -1.39319377e-05,  1.63136452e-06,  2.17938505e-06,  3.57160408e-07,
           -2.55897313e-04, -3.74022248e-04, -6.41941467e-05,  6.31831080e-06,  9.26849816e-06,  1.59392585e-06]])

# Fit to the 1 keV calculations for the modified formula
# for Forsterite
A_mod_Fo_1keV = np.array((  9.62728074e+00, -2.32526272e-01, -1.67539288e-01,  1.87374063e-02,  7.40869039e-03,  1.54495201e-03 ))
B_mod_Fo_1keV = np.array(( -7.02181810e+00, -3.40006883e+00, -1.45496223e+00,  6.10585978e-02,  4.47427031e-02,  8.97006760e-03 ))
AB_mod_Fo_1keV = np.array((A_mod_Fo_1keV, B_mod_Fo_1keV))
AB_mod_Fo_1keV_covariance = \
np.array([[ 1.21257378e-02,  6.92509742e-03,  9.75415852e-04, -2.26407656e-04, -1.39688484e-04, -1.92773080e-05,
            8.24337321e-02,  5.75487794e-02,  9.97434557e-03, -1.42814294e-03, -9.69568952e-04, -1.41492127e-04],
          [ 6.92509742e-03,  7.23371310e-03,  1.03395870e-03, -1.39205685e-04, -1.45582753e-04, -2.05114440e-05,
            2.71526576e-02,  1.65363504e-02, -2.70274318e-03, -5.28958471e-04, -3.19149441e-04,  6.18930734e-05],
          [ 9.75415852e-04,  1.03395870e-03,  1.55732302e-04, -1.92335206e-05, -2.04678217e-05, -3.04779484e-06,
            4.31017152e-03,  3.18768242e-03, -7.70150996e-05, -8.24496170e-05, -6.10157544e-05,  2.54227917e-06],
          [-2.26407656e-04, -1.39205685e-04, -1.92335206e-05,  5.97081274e-06,  3.98511566e-06,  5.36836837e-07,
           -1.39322908e-03, -9.36868104e-04, -1.36239476e-04,  3.20672103e-05,  2.03842461e-05,  1.98702586e-06],
          [-1.39688484e-04, -1.45582753e-04, -2.04678217e-05,  3.98511566e-06,  4.21063663e-06,  5.77869574e-07,
           -5.35215000e-04, -3.26107500e-04,  6.08269683e-05,  1.43209705e-05,  8.58109142e-06, -2.18593391e-06],
          [-1.92773080e-05, -2.05114440e-05, -3.04779484e-06,  5.36836837e-07,  5.77869574e-07,  8.39304324e-08,
           -8.25305506e-05, -6.12996160e-05,  2.61822164e-06,  2.16127516e-06,  1.59774693e-06, -1.34502122e-07],
          [ 8.24337321e-02,  2.71526576e-02,  4.31017152e-03, -1.39322908e-03, -5.35215000e-04, -8.25305506e-05,
            7.77258025e-01,  6.11852563e-01,  1.54807336e-01, -1.26491723e-02, -9.92898253e-03, -2.39229538e-03],
          [ 5.75487794e-02,  1.65363504e-02,  3.18768242e-03, -9.36868104e-04, -3.26107500e-04, -6.12996160e-05,
            6.11852563e-01,  5.25409763e-01,  1.43170775e-01, -9.86575430e-03, -8.62814592e-03, -2.28505605e-03],
          [ 9.97434557e-03, -2.70274318e-03, -7.70150996e-05, -1.36239476e-04,  6.08269683e-05,  2.61822164e-06,
            1.54807336e-01,  1.43170775e-01,  4.78386294e-02, -2.43369337e-03, -2.33653717e-03, -8.06834075e-04],
          [-1.42814294e-03, -5.28958471e-04, -8.24496170e-05,  3.20672103e-05,  1.43209705e-05,  2.16127516e-06,
           -1.26491723e-02, -9.86575430e-03, -2.43369337e-03,  2.53103447e-04,  1.93940577e-04,  4.46473512e-05],
          [-9.69568952e-04, -3.19149441e-04, -6.10157544e-05,  2.03842461e-05,  8.58109142e-06,  1.59774693e-06,
           -9.92898253e-03, -8.62814592e-03, -2.33653717e-03,  1.93940577e-04,  1.72727034e-04,  4.54872917e-05],
          [-1.41492127e-04,  6.18930734e-05,  2.54227917e-06,  1.98702586e-06, -2.18593391e-06, -1.34502122e-07,
           -2.39229538e-03, -2.28505605e-03, -8.06834075e-04,  4.46473512e-05,  4.54872917e-05,  1.79311989e-05]])


# Fit to the 2 keV calculations for the original formula
# for Forsterite
A_Fo_2keV = np.array((  9.93468343e+00, -4.55513516e-01, -2.01294404e-01,  1.95594320e-02,  1.01176663e-02,  2.00882984e-03 ))
B_Fo_2keV = np.array(( -5.12729033e+00, -1.40726319e+00, -9.34321491e-01,  5.40273884e-02,  4.18873371e-02,  8.86164591e-03 ))
AB_Fo_2keV = np.array((A_Fo_2keV, B_Fo_2keV))
AB_Fo_2keV_covariance = \
np.array([[ 5.77342605e-03,  4.37634835e-03,  5.79095874e-04, -1.12331040e-04, -8.46455048e-05, -1.08544054e-05,
            1.46581907e-02,  7.64350899e-03, -6.43031245e-04, -2.68284173e-04, -1.27310396e-04,  2.01204326e-05],
          [ 4.37634835e-03,  4.40260503e-03,  5.99127609e-04, -8.39554530e-05, -8.30993265e-05, -1.10827563e-05,
            8.78277011e-03,  4.13066080e-03, -2.05740636e-03, -1.65526141e-04, -7.60499268e-05,  4.06760221e-05],
          [ 5.79095874e-04,  5.99127609e-04,  9.07385477e-05, -1.06571970e-05, -1.08950157e-05, -1.66108675e-06,
            1.50366750e-03,  1.17741938e-03, -3.77147028e-05, -2.78379402e-05, -2.25758071e-05,  1.72073766e-07],
          [-1.12331040e-04, -8.39554530e-05, -1.06571970e-05,  3.09163522e-06,  2.34485530e-06,  2.77996453e-07,
           -2.69792449e-04, -1.29502250e-04,  1.98085280e-05,  6.43872658e-06,  2.36766289e-06, -1.05715707e-06],
          [-8.46455048e-05, -8.30993265e-05, -1.08950157e-05,  2.34485530e-06,  2.29912273e-06,  2.82532715e-07,
           -1.70760113e-04, -8.11919030e-05,  4.11159821e-05,  4.34066849e-06,  1.76483121e-06, -1.43925693e-06],
          [-1.08544054e-05, -1.10827563e-05, -1.66108675e-06,  2.77996453e-07,  2.82532715e-07,  4.13053325e-08,
           -2.82961942e-05, -2.28336915e-05,  5.05869487e-07,  6.91319938e-07,  5.64011048e-07, -2.56033527e-08],
          [ 1.46581907e-02,  8.78277011e-03,  1.50366750e-03, -2.69792449e-04, -1.70760113e-04, -2.82961942e-05,
            7.48459668e-02,  6.88563695e-02,  1.65026058e-02, -1.30573946e-03, -1.19289249e-03, -2.69352548e-04],
          [ 7.64350899e-03,  4.13066080e-03,  1.17741938e-03, -1.29502250e-04, -8.11919030e-05, -2.28336915e-05,
            6.88563695e-02,  8.37431730e-02,  2.57650635e-02, -1.19956378e-03, -1.51173101e-03, -4.60139081e-04],
          [-6.43031245e-04, -2.05740636e-03, -3.77147028e-05,  1.98085280e-05,  4.11159821e-05,  5.05869487e-07,
            1.65026058e-02,  2.57650635e-02,  1.11081721e-02, -2.79814630e-04, -4.70661109e-04, -2.10176168e-04],
          [-2.68284173e-04, -1.65526141e-04, -2.78379402e-05,  6.43872658e-06,  4.34066849e-06,  6.91319938e-07,
           -1.30573946e-03, -1.19956378e-03, -2.79814630e-04,  2.73816300e-05,  2.47063441e-05,  5.08233568e-06],
          [-1.27310396e-04, -7.60499268e-05, -2.25758071e-05,  2.36766289e-06,  1.76483121e-06,  5.64011048e-07,
           -1.19289249e-03, -1.51173101e-03, -4.70661109e-04,  2.47063441e-05,  3.41930385e-05,  1.08594318e-05],
          [ 2.01204326e-05,  4.06760221e-05,  1.72073766e-07, -1.05715707e-06, -1.43925693e-06, -2.56033527e-08,
           -2.69352548e-04, -4.60139081e-04, -2.10176168e-04,  5.08233568e-06,  1.08594318e-05,  5.71198366e-06]])

# Fit to the 2 keV calculations for the modified formula
# for Forsterite
A_mod_Fo_2keV = np.array((  1.05799356e+01, -2.50578595e-01, -1.82664293e-01,  2.04631382e-02,  1.08540382e-02,  2.09186860e-03 ))
B_mod_Fo_2keV = np.array(( -6.71117934e+00, -3.12877344e+00, -1.55244566e+00,  8.21076640e-02,  7.28050566e-02,  1.44773463e-02 ))
AB_mod_Fo_2keV = np.array((A_mod_Fo_2keV, B_mod_Fo_2keV))
AB_mod_Fo_2keV_covariance = \
np.array([[ 1.10960046e-02,  7.35417505e-03,  9.55591964e-04, -2.00111099e-04, -1.38365627e-04, -1.72638743e-05,
            5.73078075e-02,  3.08269837e-02,  6.93083714e-04, -9.43572701e-04, -4.48883387e-04,  3.96906479e-05],
          [ 7.35417505e-03,  8.34316249e-03,  1.12261806e-03, -1.35029244e-04, -1.45807051e-04, -1.93777152e-05,
            2.11792507e-02,  6.90199452e-03, -9.77447159e-03, -3.79534292e-04, -1.05591187e-04,  1.71843172e-04],
          [ 9.55591964e-04,  1.12261806e-03,  1.61038827e-04, -1.62691573e-05, -1.82965048e-05, -2.67507719e-06,
            3.29925739e-03,  1.99990251e-03, -8.88313011e-04, -5.72391086e-05, -3.61591017e-05,  1.17053031e-05],
          [-2.00111099e-04, -1.35029244e-04, -1.62691573e-05,  5.59795503e-06,  4.14247791e-06,  4.62182938e-07,
           -8.70179629e-04, -3.61500433e-04,  6.17537906e-05,  1.91199223e-05,  4.15690297e-06, -4.73703966e-06],
          [-1.38365627e-04, -1.45807051e-04, -1.82965048e-05,  4.14247791e-06,  4.42389510e-06,  5.14490728e-07,
           -4.00878465e-04, -1.08675123e-04,  1.92435891e-04,  1.04171656e-05,  1.05497660e-06, -7.28734111e-06],
          [-1.72638743e-05, -1.93777152e-05, -2.67507719e-06,  4.62182938e-07,  5.14490728e-07,  6.72363857e-08,
           -5.92763893e-05, -3.48422513e-05,  1.67308729e-05,  1.44470847e-06,  7.40340038e-07, -5.63522519e-07],
          [ 5.73078075e-02,  2.11792507e-02,  3.29925739e-03, -8.70179629e-04, -4.00878465e-04, -5.92763893e-05,
            4.99359500e-01,  3.92219073e-01,  1.05842588e-01, -7.72384896e-03, -6.25034058e-03, -1.44967687e-03],
          [ 3.08269837e-02,  6.90199452e-03,  1.99990251e-03, -3.61500433e-04, -1.08675123e-04, -3.48422513e-05,
            3.92219073e-01,  3.91159755e-01,  1.26186107e-01, -5.99240482e-03, -6.64235763e-03, -2.03321480e-03],
          [ 6.93083714e-04, -9.77447159e-03, -8.88313011e-04,  6.17537906e-05,  1.92435891e-04,  1.67308729e-05,
            1.05842588e-01,  1.26186107e-01,  6.04353099e-02, -1.55373366e-03, -2.18239432e-03, -1.05990340e-03],
          [-9.43572701e-04, -3.79534292e-04, -5.72391086e-05,  1.91199223e-05,  1.04171656e-05,  1.44470847e-06,
           -7.72384896e-03, -5.99240482e-03, -1.55373366e-03,  1.37687177e-04,  1.04965285e-04,  2.00472316e-05],
          [-4.48883387e-04, -1.05591187e-04, -3.61591017e-05,  4.15690297e-06,  1.05497660e-06,  7.40340038e-07,
           -6.25034058e-03, -6.64235763e-03, -2.18239432e-03,  1.04965285e-04,  1.35760327e-04,  4.53218186e-05],
          [ 3.96906479e-05,  1.71843172e-04,  1.17053031e-05, -4.73703966e-06, -7.28734111e-06, -5.63522519e-07,
           -1.44967687e-03, -2.03321480e-03, -1.05990340e-03,  2.00472316e-05,  4.53218186e-05,  3.11938997e-05]])

